2024355136 - 490070034490xxxx|10|2028|xxx
2024355136 - 4451211711668755|05|2029|847
2024355136 - 44512122645xxxxx
2024355136 - 5223030007xxxxxx
2024355136 - 5223030007347419|04|2027|472
2024355136 - 5521154002|07|26|rnd
2024355136 - 5521154002|07|26|
2024355136 - 5521154002|07|26
2024355136 - 40431300121|05|2027
2024355136 - 44512122645
2024355136 - 4355460268
2024355136 - 4548581442
2024355136 - 454858144225xxxx
2024355136 - 4043135819294195|06|2025|228
2024355136 - 4900700343280580|08|2028|316
2024355136 - 522049
2024355136 - 5243833269929470|10|26|645