5596856157
6447766151
6268062835
6932630280
1609356621
5468078784
6339084464
1033507217
5056427497
6109365101
6644170265
16093566215947535097
5947535097
6762702831
6522985188
1705904779
6024872629
6116005605
6098211609
6997944818
6405494913
2040731004
6787593196
6060407117
2046261143
6049081258
6927712690
6469634644
5073426311
6150593724
5507165206
6816151025
6388626331
5449433218
6362704844
1238711503
5321739185
5980629524
1955213779
7129665468
810844362
1821999964
5018755140
6617926797
1939075923
6998117750
5749056416
5295792382
1746944997
6148342677
7110264547
2053135075
1957248258
6481238173
5693404520
6469634644
6098211609
54680787841520456864
6230232988
63886263315464614885
5464614885
64696346441667886379
1667886379
64696346446456917167
5291666179
6742994571
6609615103
1756796106
6738017108
6522985188
6522985188
65229851881880839136
5532474117
6969896422
1756161532
5638314098
6971615805
1584457521
6051377131
20407310041627311735
1293913826
6781100064
2082274978
872863708
5535830889
1888455288
1694180967
1172118904
5945152563
8728637081627311735
1627311735
893013710
972813632
6500218145
5031563181
6083121288
387888744
6652287427
5947535097
5947535097
5947535097
5947535097
59475350976963438604
6963438604
69634386046876020735
6498239421
5572028073
6676749865
6154577130
5694579743
1161090563
6372158830
64982394215946296706
2125122726
6235938368
6310934311
5033579425
53132759376018039986
6018039986
6992625971
7179837246
861158073
5696053228
6662816923
6452902599
1185002566
5727462573
6785760116
11850025661912413450
6604452400
6446899588
6785760116683269053
6785760116
67857601167136183860
7136183860
59475350975943727118
5943727118
6785760116
62359383687143707850
683269053
683269053
683269053
6604452400745253764
745253764
59437271185815094414
1794987081
5697234747
5408747229
5387926427
1891797716
6992388607
777000
1984468312
6802003105
6789842549
7100601183
1511700458
6864596623
68020031057427691214
7427691214
68645966235148608173
5916936734
5806908607
7113416108
5638121608
6455904480
5687086639
5952669295
71134161081418571871
6008343239
7051047740
6400564378
886745159
1846054357
59169367345483209475
5007326730
6535711381
1627164448
2024355136
6712961603
64559044807115099799
1928129345
5815094414
5515954667
5801139565
64005643785613512299
449418795
63886263316669339869
5623979200
6540382154
7122350790
69979448181912413450
5629414877
6637227162
1912413450
6226134845
5495638221
6399089913
5629804658
7322150062
2133411839
7131477885
5383783131
6917024938
1488555216
6324461185
7459038871
